21 1 9
5 4 3 6 7 3 4 6 5 4 7 3 4 5 6 8 5 7 6 6
0 4.24264 11.0454 8.06226 10.2956 5.38516 8.06226 6 6.7082 3.16228 6 7.2111 5.38516 8.24621 11.6619 8.06226 3.16228 7.81025 9.21954 7.81025 6.40312 
4.24264 0 8.94427 8.06226 6.32456 2.23607 10.0499 9.48683 10.8167 6.32456 9.48683 9.05539 5.38516 5.09902 11.4018 6.40312 2 3.60555 7.81025 8.544 10.6301 
11.0454 8.94427 0 5 6.32456 10.8167 18.6815 12.083 17.1172 14.1421 17.0294 8.60233 6.08276 4.24264 5.09902 3 10.7703 9.21954 2.23607 17.4642 15.5242 
8.06226 8.06226 5 0 9.21954 10.2956 16.1245 7.28011 13.0384 11.1803 13.6015 3.60555 2.82843 6.08276 3.60555 3.16228 9.21954 10.198 2.82843 15.6205 11.0454 
10.2956 6.32456 6.32456 9.21954 0 7 16.0312 14.2127 17 12.6491 15.8114 12.083 8.06226 3.16228 11.0454 6.08276 8.24621 4.12311 7 14.0357 16.4012 
5.38516 2.23607 10.8167 10.2956 7 0 9.05539 11.1803 11.3137 6.40312 9.43398 11.1803 7.61577 6.7082 13.6015 8.48528 2.23607 3.16228 9.89949 7.07107 11.6619 
8.06226 10.0499 18.6815 16.1245 16.0312 9.05539 0 12.2066 7.07107 5 4.12311 14.8661 13.4164 15.1327 19.7231 15.8114 8.06226 12.1655 17.088 2.82843 9.48683 
6 9.48683 12.083 7.28011 14.2127 11.1803 12.2066 0 6.7082 7.61577 8.48528 4 6.40312 11.3137 10 9.43398 9.05539 13 9.84886 13 4.12311 
6.7082 10.8167 17.1172 13.0384 17 11.3137 7.07107 6.7082 0 5 3 10.4403 11.0454 14.8661 16.2788 14.1421 9.21954 14.2127 15.0333 9.05539 2.82843 
3.16228 6.32456 14.1421 11.1803 12.6491 6.40312 5 7.61577 5 0 3.16228 9.89949 8.544 11.0454 14.7648 11.1803 4.47214 9.43398 12.3693 5.38516 6.08276 
6 9.48683 17.0294 13.6015 15.8114 9.43398 4.12311 8.48528 3 3.16228 0 11.6619 11.1803 14.1421 17.088 14.0357 7.61577 12.53 15.1327 6.08276 5.38516 
7.2111 9.05539 8.60233 3.60555 12.083 11.1803 14.8661 4 10.4403 9.89949 11.6619 0 4.12311 8.94427 6 6.40312 9.48683 12.0416 6.40312 15 8.06226 
5.38516 5.38516 6.08276 2.82843 8.06226 7.61577 13.4164 6.40312 11.0454 8.544 11.1803 4.12311 0 5 6.40312 3.16228 6.40312 8 4 12.8062 9.48683 
8.24621 5.09902 4.24264 6.08276 3.16228 6.7082 15.1327 11.3137 14.8661 11.0454 14.1421 8.94427 5 0 8.24621 3 7.07107 5 4.12311 13.6015 13.8924 
11.6619 11.4018 5.09902 3.60555 11.0454 13.6015 19.7231 10 16.2788 14.7648 17.088 6 6.40312 8.24621 0 5.38516 12.7279 13 4.12311 19.2094 14.0357 
8.06226 6.40312 3 3.16228 6.08276 8.48528 15.8114 9.43398 14.1421 11.1803 14.0357 6.40312 3.16228 3 5.38516 0 8.06226 7.61577 1.41421 14.7648 12.6491 
3.16228 2 10.7703 9.21954 8.24621 2.23607 8.06226 9.05539 9.21954 4.47214 7.61577 9.48683 6.40312 7.07107 12.7279 8.06226 0 5 9.43398 6.7082 9.43398 
7.81025 3.60555 9.21954 10.198 4.12311 3.16228 12.1655 13 14.2127 9.43398 12.53 12.0416 8 5 13 7.61577 5 0 8.94427 10 14.2127 
9.21954 7.81025 2.23607 2.82843 7 9.89949 17.088 9.84886 15.0333 12.3693 15.1327 6.40312 4 4.12311 4.12311 1.41421 9.43398 8.94427 0 16.1245 13.3417 
7.81025 8.544 17.4642 15.6205 14.0357 7.07107 2.82843 13 9.05539 5.38516 6.08276 15 12.8062 13.6015 19.2094 14.7648 6.7082 10 16.1245 0 11.0454 
6.40312 10.6301 15.5242 11.0454 16.4012 11.6619 9.48683 4.12311 2.82843 6.08276 5.38516 8.06226 9.48683 13.8924 14.0357 12.6491 9.43398 14.2127 13.3417 11.0454 0 
